# oST version 5.0 parameters


[image]

width
640

height
480

[narrow_stereo]

camera matrix
581.765110 0.000000 314.705737
0.000000 583.928128 274.809888
0.000000 0.000000 1.000000

distortion
-0.429627 0.203232 -0.012242 0.010393 0.000000

rectification
1.000000 0.000000 0.000000
0.000000 1.000000 0.000000
0.000000 0.000000 1.000000

projection
499.156921 0.000000 322.868493 0.000000
0.000000 539.598999 275.881963 0.000000
0.000000 0.000000 1.000000 0.000000

